1462
1448 149 135
1374 143 137
1375 143 141
1447 149 130
1422 147 130
1373 143 132
1433 148 147
1449 149 147
1481 153 128
1319 140 131
1502 155 145
1372 143 128
1320 140 145
1480 153 126
1482 153 148
1432 148 125
1446 149 125
1471 150 149
1371 143 126
1376 143 148
1318 140 128
1321 140 147
1317 140 126
1421 147 123
1531 163 139
1530 163 134
1370 143 123
1479 153 122
1300 133 140
1483 153 152
1377 143 152
1431 148 121
1450 149 153
1533 163 144
1534 163 146
1316 140 122
1484 153 154
1583 166 135
1378 143 154
1584 166 140
1420 147 119
1301 133 147
1369 143 119
1535 163 149
1451 149 156
1582 166 129
1585 166 145
1478 153 118
1430 148 117
1536 163 151
1485 153 157
1379 143 157
1581 166 126
1315 140 118
1272 130 127
1419 147 116
1415 146 116
1612 169 132
1263 127 136
1586 166 150
1617 170 132
1537 163 154
1618 170 143
1486 153 159
1380 143 159
1634 171 143
1538 163 156
1238 126 128
1619 170 148
1650 172 143
1587 166 154
1237 126 126
1635 171 148
1513 156 113
1314 140 113
1239 126 149
1196 123 136
1649 172 127
1580 166 118
1197 123 142
1588 166 156
1651 172 148
1423 147 163
1416 146 163
1539 163 159
1611 169 120
1204 124 149
1671 176 135
1636 171 153
1672 176 140
1541 163 161
1240 126 154
1652 172 153
1168 120 134
1169 120 140
1236 126 119
1220 125 154
1528 163 112
1589 166 160
1323 140 165
1167 120 130
1487 153 166
1381 143 166
1219 125 119
1205 124 154
1527 163 111
1166 120 127
1620 170 158
1271 130 113
1202 124 119
1170 120 148
1526 163 110
1264 127 159
1542 163 164
1165 120 125
1637 171 158
1610 169 114
1274 130 162
1543 163 165
1653 172 158
1171 120 151
1235 126 114
1673 176 154
1367 143 105
1164 120 121
1270 130 110
1218 125 114
1705 179 125
1579 166 109
1674 176 156
1201 124 114
1234 126 112
1093 117 125
1666 173 114
1574 164 167
1096 117 150
1444 149 103
1418 147 103
1313 140 104
1324 140 170
1172 120 156
1217 125 112
1488 153 171
1382 143 171
1578 166 107
1092 117 122
1544 163 169
1163 120 116
1091 117 120
1704 179 118
1269 130 106
1275 130 168
1525 163 104
1545 163 170
1097 117 155
1262 127 107
1452 149 174
1424 147 174
1162 120 113
1089 117 117
1098 117 157
1648 172 108
1728 186 137
1729 186 139
1276 130 170
1727 186 133
1173 120 162
1524 163 102
1312 140 100
1731 186 143
1577 166 103
1088 117 115
1726 186 129
1693 178 112
1364 140 99
1732 186 147
1325 140 175
1647 172 106
1232 126 105
1241 126 169
1725 186 126
1161 120 110
1670 176 109
1383 143 176
1692 178 111
1546 163 174
1694 178 164
1724 186 123
1087 117 112
1265 127 171
1789 189 137
1790 189 139
1788 189 134
1547 163 175
1669 176 107
1723 186 121
1476 150 96
1417 146 96
1787 189 130
1791 189 144
1609 166 99
1616 170 101
1160 120 106
1174 120 168
1786 189 126
1792 189 148
1198 123 171
1633 171 101
1721 186 117
1326 140 179
1646 172 101
1501 153 94
1231 126 100
1785 189 122
1793 189 152
1412 143 94
1384 143 180
1175 120 170
1720 186 115
1706 179 168
1216 125 100
1825 192 141
1363 140 94
1047 107 122
1200 124 100
1695 178 170
1831 193 134
1824 192 127
1046 107 120
1832 193 141
1041 104 143
1794 189 156
1159 120 102
1830 193 130
1833 193 144
1500 153 92
1411 143 92
1012 103 138
1549 163 180
1608 166 95
1011 103 133
1845 194 136
1066 109 160
1829 193 127
1362 140 92
1844 194 132
1846 194 142
1834 193 148
1045 107 117
1048 107 157
1443 148 91
1470 149 91
1434 148 183
1453 149 183
1425 147 183
1086 117 103
990 102 138
1843 194 128
1847 194 146
1860 195 136
1795 189 160
1242 126 178
1285 130 94
1044 107 115
1221 125 178
1010 103 124
1410 143 90
974 101 138
1260 126 95
1206 124 178
1828 193 120
1361 140 90
1328 140 184
1085 117 101
1707 179 174
1229 125 95
989 102 124
1607 166 92
1385 143 185
1861 195 150
1099 117 174
1214 124 95
1842 194 120
1009 103 119
1194 120 97
973 101 124
1013 103 156
1100 117 175
1075 110 106
1259 126 93
1049 107 164
1859 195 120
1329 140 186
988 102 119
1228 125 93
1784 189 108
1796 189 166
1665 172 93
1155 117 98
991 102 156
1573 163 89
1881 196 153
1638 171 182
1891 199 137
1892 199 139
1719 186 103
1360 140 87
1890 199 133
1008 103 114
1893 199 143
1606 166 89
1243 126 183
1889 199 129
1409 143 86
938 97 140
1193 120 94
1176 120 180
1894 199 147
1154 117 96
1882 196 157
1664 172 91
987 102 114
1718 186 101
1696 178 180
1386 143 189
1014 103 163
1797 189 170
939 97 147
1101 117 179
937 97 126
1359 140 85
1330 140 189
1691 176 92
1442 148 84
1469 149 84
1429 147 84
1454 149 190
1007 103 109
1015 103 165
1858 195 111
936 97 122
1783 189 102
1835 193 167
1258 126 88
1645 171 88
1153 117 93
1895 199 156
1103 117 181
935 97 120
986 102 109
992 102 165
1489 153 191
1387 143 191
1663 172 88
882 94 139
940 97 155
883 94 141
1213 124 88
1244 126 187
1050 107 173
1605 166 85
1192 120 90
1734 186 177
1798 189 174
1435 148 192
1455 149 192
1426 147 192
972 101 109
975 101 165
1848 194 168
934 97 117
941 97 157
1499 153 82
1408 143 82
881 94 127
1690 176 89
1837 193 170
1896 199 160
1779 186 96
1358 140 82
1331 140 192
880 94 125
1177 120 185
933 97 115
1857 195 106
1655 172 188
1735 186 179
879 94 122
1823 189 97
878 94 120
1799 189 177
1498 153 80
1407 143 80
1388 143 194
1017 103 172
1152 117 89
1849 194 172
1191 120 87
932 97 111
1357 140 80
1332 140 194
1778 186 93
1827 193 100
877 94 117
1838 193 174
884 94 157
1441 148 79
1468 149 79
1436 148 195
1456 149 195
942 97 164
1897 199 166
1800 189 179
1333 140 195
876 94 115
1604 166 81
1841 194 100
1572 163 80
1662 172 83
1151 117 87
885 94 160
1490 153 196
1389 143 196
1178 120 189
1246 126 192
1856 195 100
943 97 167
1222 125 192
1074 109 92
1822 189 93
1018 103 176
875 94 112
1898 199 169
1632 170 81
1850 194 176
1207 124 192
1257 126 81
993 102 176
1957 209 139
1956 209 134
1227 125 81
874 94 110
1959 209 141
1863 195 176
1190 120 83
1212 124 81
1406 143 76
1840 193 95
1073 109 90
1503 155 198
976 101 176
1334 140 198
1150 117 84
944 97 171
886 94 166
1899 199 173
1801 189 184
1960 209 151
1644 171 79
1081 110 88
1602 166 77
1042 104 181
1040 103 94
1356 140 75
1335 140 199
872 94 106
887 94 168
1051 107 184
1955 209 121
1961 209 153
1571 163 76
1879 195 95
945 97 173
1821 189 89
1467 149 74
1428 147 74
1962 209 155
1006 102 94
1689 176 80
1149 117 82
931 97 100
2035 212 135
2036 212 140
1179 120 194
1631 170 77
1963 209 157
1080 110 86
2034 212 131
2037 212 144
985 101 94
1855 194 92
1247 126 197
1864 195 181
1497 153 73
1777 186 85
888 94 171
1405 143 73
1104 117 193
2038 212 146
2033 212 127
1286 131 75
819 84 138
1223 125 197
1365 141 201
1900 199 177
1878 195 92
1208 124 197
1953 209 114
1965 209 160
1883 196 181
833 86 119
1776 186 84
821 84 148
1519 156 72
1514 156 202
832 86 117
818 84 124
967 97 96
946 97 178
1901 199 179
871 94 100
1952 209 111
1966 209 163
1105 117 195
1643 171 75
1019 103 185
817 84 122
1614 169 74
1601 166 73
1336 140 203
1630 170 74
1775 186 82
1737 186 192
854 87 111
1802 189 190
1256 126 74
1687 176 76
1918 199 93
1967 209 166
1226 125 74
1504 155 204
929 94 97
889 94 177
1337 140 204
2080 216 138
2039 212 160
2079 216 133
2078 216 131
831 86 110
1180 120 199
1738 186 194
2077 216 127
1877 195 87
1803 189 192
794 80 137
795 80 139
2105 217 138
1106 117 198
812 81 150
2032 212 111
2040 212 163
928 94 95
890 94 179
2076 216 124
2104 217 129
1902 199 184
796 80 147
830 86 107
853 87 105
793 80 126
1148 117 75
1968 209 171
2131 218 138
2103 217 125
947 97 184
1686 176 73
2130 218 133
1020 103 190
2132 218 143
2031 212 108
2041 212 166
1951 209 102
1804 189 194
784 79 147
1496 153 67
1403 143 67
822 84 165
792 80 121
1266 127 204
1108 117 200
994 102 190
927 94 92
1937 202 183
1248 126 204
1851 194 191
1302 133 206
2030 212 106
2042 212 168
1739 186 197
977 101 190
783 79 121
797 80 157
1865 195 191
1518 156 66
1515 156 208
1338 140 208
1774 186 76
948 97 187
1181 120 203
926 94 90
813 81 162
829 86 101
2106 217 159
1969 209 176
1600 166 67
1277 130 207
1805 189 197
1339 140 209
1740 186 199
777 77 150
2029 212 102
2043 212 172
1466 149 64
2133 218 159
1474 150 64
2107 217 162
1109 117 203
780 78 157
925 94 88
1904 199 190
1550 163 209
1021 103 195
1188 120 69
2102 217 110
2073 215 169
2167 222 130
2168 222 144
2134 218 162
2108 217 165
1806 189 199
2169 222 146
1773 186 73
798 80 166
759 74 138
2166 222 126
1551 163 210
924 94 86
758 74 132
1852 194 196
2129 218 110
1938 202 189
1905 199 192
828 84 99
2081 216 169
2027 209 93
757 74 128
2135 218 165
1772 186 72
2044 212 177
1866 195 196
760 74 148
1685 176 67
966 97 82
949 97 192
1949 202 84
1936 201 83
1355 140 62
756 74 124
1182 120 207
2128 218 107
1147 117 68
755 74 122
1039 103 76
1402 143 61
1906 199 194
799 80 171
1303 133 212
891 94 191
2026 209 90
2127 218 104
1668 173 64
1599 166 62
2170 222 160
984 101 76
785 79 171
1505 155 214
1255 126 63
1708 179 208
1187 120 65
1354 140 60
2101 217 101
1340 140 214
1807 189 203
761 74 159
694 71 143
2201 224 155
695 71 145
1697 178 209
2212 225 151
1211 124 63
2045 212 182
2025 209 88
1971 209 186
1440 148 59
1465 149 59
1427 147 59
1629 170 62
2165 222 111
2171 222 163
923 94 81
892 94 193
851 86 90
696 71 148
781 78 171
2202 224 157
1278 130 213
1948 202 80
964 97 78
2211 225 121
2213 225 153
1935 201 79
2126 218 101
691 71 124
1907 199 197
811 80 98
800 80 176
690 71 122
1437 148 216
2200 224 114
697 71 153
2072 212 90
2164 222 108
2172 222 166
1867 195 201
1972 209 188
698 71 154
1146 117 64
688 71 119
762 74 165
1062 107 69
1287 132 215
2173 222 168
687 71 117
1908 199 199
1038 103 71
699 71 158
1642 171 60
801 80 179
2071 212 88
763 74 168
1005 102 71
1684 176 61
2046 212 187
1597 166 58
1808 189 207
922 94 77
865 87 84
1183 120 213
1401 143 56
983 101 71
686 71 112
2163 222 102
2174 222 172
685 71 111
2137 218 180
1628 170 58
684 71 110
2124 217 92
963 97 73
2070 212 85
1037 103 68
764 74 173
790 79 92
1934 201 73
2160 218 92
2083 216 185
683 71 107
1004 102 68
750 72 104
921 94 74
682 71 106
1304 133 219
1820 189 64
776 74 99
2109 217 185
2175 222 177
1061 107 64
1641 171 56
2047 212 192
1111 117 215
1552 163 220
2228 232 148
850 86 80
2138 218 185
2229 232 150
1682 176 57
1839 193 65
2069 212 81
920 94 72
1627 170 55
2123 217 87
2230 232 152
681 71 102
700 71 172
765 74 178
1947 202 71
1112 117 216
1036 103 65
864 87 78
1400 143 52
962 97 69
1553 163 221
2099 216 85
1809 189 212
2226 232 120
2231 232 154
802 80 188
680 71 101
1288 132 221
2159 218 87
2224 232 118
2232 232 156
1876 195 65
701 71 174
834 86 196
654 64 153
2024 209 76
823 84 194
2223 232 116
1506 155 223
655 64 155
1341 140 223
766 74 181
1156 118 218
2302 235 138
1868 195 210
2048 212 196
1596 166 52
2301 235 131
1035 103 63
961 97 67
1076 110 215
2234 232 161
1464 149 50
2300 235 128
2303 235 146
919 94 69
1570 163 51
1554 163 223
2122 217 83
2304 235 148
2199 222 90
611 61 137
2023 209 74
1342 140 224
2139 218 190
1741 186 216
1709 179 219
2299 235 124
2305 235 150
623 63 157
2098 216 81
2306 235 152
855 87 200
656 64 162
612 61 148
1495 153 49
2049 212 198
1974 209 201
1399 143 49
2235 232 165
624 63 159
2298 235 120
2307 235 154
1067 109 216
1059 107 59
1575 164 224
1742 186 217
804 80 193
2198 222 88
610 61 123
613 61 151
1289 132 224
767 74 185
657 64 164
2297 235 118
2308 235 156
849 86 74
1114 117 220
2067 212 75
1819 189 58
1917 199 64
2236 232 167
658 64 165
609 61 120
2296 235 116
2222 232 106
960 97 64
1366 141 226
1305 133 225
1681 176 52
2309 235 160
1975 209 203
2335 238 134
2336 238 140
1115 117 221
2097 216 78
2121 217 79
2295 235 113
608 61 116
835 86 202
2161 219 193
622 63 108
1516 156 227
2294 235 111
748 71 90
1780 187 219
2197 222 84
2310 235 164
621 63 106
2050 212 202
1058 107 56
1034 103 58
2311 235 166
768 74 190
1946 202 63
1343 140 228
591 57 136
592 57 138
1145 117 51
2293 235 107
2066 212 71
1595 166 47
1253 126 48
1976 209 206
2140 218 197
593 57 147
2312 235 168
1225 125 48
1770 186 53
1743 186 221
2360 240 147
653 64 100
1569 163 46
594 57 149
1507 155 229
2237 232 176
2292 235 105
590 57 124
856 87 206
1344 140 229
576 56 136
2085 216 200
1116 117 224
589 57 122
1282 130 46
2382 241 129
1744 186 222
2096 216 73
614 61 169
2196 222 80
2065 212 69
2383 241 147
2110 217 200
587 57 119
1710 179 225
747 71 85
1818 189 53
575 56 124
577 56 150
1977 209 208
958 97 59
2313 235 172
1117 117 225
652 63 99
1057 107 53
2413 242 134
1033 103 55
2341 239 161
769 74 194
848 86 67
746 71 84
1916 199 58
2381 241 122
2120 217 73
1769 186 51
2051 212 206
2141 218 200
586 57 115
2239 232 180
1494 153 43
1680 176 47
573 56 119
1398 143 43
570 55 149
2359 240 115
1003 102 55
1875 195 55
2177 222 196
1118 117 226
2158 218 73
2064 212 67
1252 126 45
2361 240 161
676 64 94
651 63 96
1885 196 55
1224 125 45
1919 201 216
2240 232 182
2384 241 158
1817 189 51
567 54 149
2380 241 115
1613 169 44
585 57 110
1185 120 46
2052 212 208
2334 235 97
2241 232 183
1290 132 231
1056 107 51
1626 170 44
2178 222 198
1978 209 211
2385 241 161
2362 240 165
2379 241 112
957 97 56
893 94 216
2063 212 65
2342 239 169
745 71 80
2314 235 179
1144 117 46
572 56 110
1945 202 57
1517 156 233
1032 103 52
1345 140 233
2363 240 167
810 80 69
595 57 168
2111 217 205
1594 166 42
1745 186 226
2414 242 161
2358 240 106
744 71 79
2386 241 165
894 94 217
1002 102 52
2242 232 186
1077 110 226
1473 150 40
2364 240 169
754 72 77
596 57 170
2022 209 61
569 55 110
2428 245 148
2142 218 205
2339 238 99
703 71 196
2387 241 167
1346 140 234
553 51 137
2429 245 150
650 63 90
1746 186 227
918 94 56
836 86 212
2053 212 211
2378 241 106
863 87 61
2430 245 152
2243 232 188
704 71 197
2388 241 169
2412 242 108
2157 218 68
1979 209 214
554 51 148
1915 199 53
2315 235 183
2427 245 120
2431 245 154
1854 194 50
1072 109 47
552 51 123
751 72 199
2426 245 118
2432 245 156
956 97 53
2333 235 90
1001 102 50
1249 126 233
2344 239 176
1874 195 50
1816 189 47
1980 209 215
1939 202 220
1660 172 41
2194 222 71
2425 245 116
551 51 120
1679 176 42
2415 242 169
649 63 87
1030 103 49
1568 163 39
1555 163 235
847 86 60
1119 117 231
1071 109 46
743 71 75
2337 238 180
2156 218 66
2332 235 88
2244 232 191
2424 245 113
2021 209 58
2365 240 176
2464 248 138
550 51 116
659 64 190
1914 199 51
742 71 74
2338 238 93
2465 248 145
982 101 49
1920 201 222
648 63 85
2316 235 187
2423 245 111
1143 117 42
917 94 53
1556 163 236
606 58 180
2112 217 210
2193 222 69
2345 239 180
2433 245 164
464 48 136
970 100 49
706 71 201
2390 241 176
465 48 142
549 51 112
466 48 144
660 64 192
2434 245 166
2143 218 210
2179 222 206
2028 210 217
1567 163 37
1557 163 237
707 71 202
462 48 125
467 48 149
2422 245 107
2020 209 56
615 61 188
661 64 193
468 48 151
2416 242 176
846 86 57
2435 245 168
2331 235 84
2192 222 67
2155 218 63
2346 239 183
2366 240 181
469 48 153
916 94 51
1055 107 44
461 48 120
1142 117 40
1981 209 219
1462 149 35
470 48 155
1558 163 238
2391 241 180
1747 186 232
1508 155 239
2180 222 208
2245 232 196
1291 132 238
1347 140 239
471 48 157
1815 189 43
1698 178 235
675 64 79
862 87 55
1078 110 232
555 51 169
2347 239 185
2466 248 162
2436 245 172
2019 209 54
1983 209 220
472 48 159
2467 248 163
460 48 113
2421 242 93
2367 240 185
1251 126 36
915 94 49
473 48 162
556 51 172
1281 130 35
786 79 214
708 71 206
459 48 111
474 48 163
568 54 180
647 63 78
1940 202 226
475 48 164
1438 148 241
597 57 187
476 48 165
1699 178 237
2392 241 185
741 71 67
709 71 207
1029 103 43
2181 222 211
2018 209 52
458 48 108
837 86 221
2247 232 200
2095 216 57
662 64 199
2317 235 196
1000 102 43
2463 248 104
557 51 176
2468 248 170
578 56 187
457 48 106
914 94 47
895 94 227
2411 241 87
2469 248 171
663 64 200
2437 245 179
646 63 75
1711 179 238
1120 117 238
1184 120 35
2288 232 72
2248 232 202
2470 248 173
674 64 73
913 94 46
2017 209 50
616 61 197
2154 218 57
896 94 228
1984 209 224
1306 133 242
845 86 51
955 97 44
2471 248 174
1054 107 39
2438 245 182
2502 255 137
1659 172 33
2501 255 134
456 48 101
1873 195 41
2500 255 132
1121 117 239
2499 255 130
1985 209 225
912 94 45
2498 255 128
1814 189 38
455 48 100
1028 103 40
2249 232 204
1267 127 32
2210 224 61
1853 194 234
2191 222 59
857 87 225
2488 248 97
2472 248 177
542 48 99
2504 255 150
2453 245 90
1593 166 31
434 41 133
2497 255 123
999 102 40
2016 209 48
2410 241 82
2473 248 178
897 94 230
740 71 62
711 71 212
432 41 127
2203 224 214
981 101 40
954 97 42
2495 255 119
930 95 231
1625 170 31
435 41 150
1512 155 29
1292 132 244
2452 245 88
1353 140 29
617 61 201
1157 118 241
2250 232 206
400 40 139
2368 240 195
541 48 96
739 71 61
401 40 141
399 40 132
1280 130 30
911 94 43
1921 201 232
398 40 129
548 49 93
436 41 154
598 57 196
540 48 95
1813 189 36
664 64 206
826 84 49
2494 255 114
607 58 198
437 41 156
1053 107 36
645 63 69
738 71 60
2393 241 195
397 40 123
2015 209 46
998 102 38
910 94 42
2330 235 70
2493 255 112
838 86 227
618 61 203
2558 258 137
579 56 196
2559 258 140
2287 232 66
2506 255 163
2560 258 143
1027 103 37
2561 258 145
599 57 198
558 51 188
1472 150 247
2094 216 50
665 64 208
1640 171 29
844 86 46
2251 232 209
2557 258 124
403 40 158
539 48 91
477 48 183
1678 176 30
1122 117 243
1748 186 241
980 101 37
580 56 198
404 40 160
538 48 90
478 48 184
2556 258 120
2014 209 44
1986 209 230
1493 153 26
969 100 37
1394 143 26
1913 199 38
909 94 40
737 71 57
1591 166 27
2555 258 117
405 40 163
2214 225 218
1141 117 30
1123 117 244
1749 186 242
571 55 198
1812 189 33
1210 124 28
406 40 165
843 86 44
839 86 230
736 71 56
997 102 35
908 94 39
1307 133 248
1624 170 27
1872 195 35
537 48 87
1068 109 242
600 57 202
479 48 187
2554 258 113
809 80 48
1250 126 27
2204 224 220
858 87 231
2252 232 212
625 63 210
2454 247 191
1140 117 29
2507 255 173
2093 216 47
1026 103 34
2318 235 209
2013 209 42
407 40 168
753 72 54
2508 255 174
789 79 48
2377 240 71
1912 199 36
438 41 172
581 56 202
2253 232 213
536 48 85
1492 153 24
861 87 42
2553 258 109
1391 143 24
2440 245 196
979 101 34
1768 186 30
1138 117 28
480 48 190
644 63 62
626 63 212
2409 241 71
2153 218 47
1781 187 244
968 100 34
907 94 37
453 41 99
1458 149 23
481 48 191
1069 109 244
1392 143 251
2552 258 105
713 71 221
1639 171 25
2012 209 40
1677 176 26
559 51 197
482 48 192
409 40 174
