501
452 10050 6450
451 10150 6550
453 9900 6550
450 10300 6650
432 9900 6150
447 10300 6150
455 9800 6550
433 10050 6050
434 10150 6050
445 10450 6150
446 10300 6000
431 9800 6050
444 10450 6000
456 9550 6500
454 9900 7000
430 9550 6100
448 10750 6600
443 10500 5850
457 9400 6400
997 9800 5750
429 9400 6000
442 10500 5700
458 9250 6550
449 10750 7000
428 9250 6050
435 9900 5500
440 10400 5500
441 10550 5500
631 10749 5607
436 10000 5350
584 10400 7450
585 10650 7350
438 10400 5350
630 10856 5606
460 9000 6350
632 10748 5500
459 9000 6700
439 10550 5350
461 9000 5950
607 11248 6057
437 10050 5150
475 9400 7450
583 10300 7650
629 11000 5500
427 9250 5450
606 11353 6057
608 11354 5950
425 9055 5554
462 8850 5850
474 9200 7450
586 10700 7650
465 8700 6350
473 9000 7300
426 9054 5447
424 8949 5554
610 11350 5700
463 8700 5950
476 9300 7650
609 11450 5800
611 11300 5500
605 11550 6000
582 10300 7900
419 9104 5256
466 8550 6350
587 10750 7850
420 8997 5256
423 8750 5550
464 8550 5950
422 8850 5350
472 9150 7750
633 11000 5000
418 8997 5150
415 9250 4950
477 9300 7900
421 8850 5250
612 11550 5500
628 11350 5200
627 11450 5300
604 11850 6600
581 10400 8150
634 10850 4800
471 9000 7800
413 9450 4750
603 11850 6750
417 9100 4900
414 9250 4800
992 11200 4950
478 9400 8150
602 11750 7350
405 8750 5050
626 11450 5050
416 9100 4750
613 11850 5500
625 11400 4900
598 11350 8000
470 8650 7850
635 10750 4450
998 9800 8450
406 8850 4750
479 9150 8250
636 10850 4400
577 10750 8450
480 9000 8250
412 9450 4350
375 10200 4250
374 10350 4250
411 9250 4400
467 8000 7000
410 8950 4550
614 11850 5100
588 11150 8350
576 10900 8500
407 8700 4650
376 10100 4150
578 10750 8600
468 8050 7450
575 10900 8600
469 8050 7550
580 10300 8750
601 12100 7650
637 10850 4150
404 8000 5200
600 11950 8000
589 11200 8600
481 9300 8750
599 11650 8350
615 12100 4900
597 11500 8500
409 8950 4150
638 10750 3950
579 10300 8950
590 11250 8700
408 8700 4250
616 12100 4750
596 11500 8600
573 11000 8850
377 9800 3800
574 11100 8850
371 10100 3750
372 10200 3750
403 8100 4650
373 10350 3750
482 9300 8950
639 10750 3800
572 11000 8950
640 10600 3750
594 11449 8750
795 12750 7000
370 9950 3650
595 11555 8749
624 11700 4150
623 11600 4050
593 11449 8856
369 9850 3600
591 11250 9000
645 10850 3650
380 9150 3700
649 11200 3750
592 11350 9000
796 12800 7450
571 10900 9200
732 12750 5200
378 9700 3500
797 12800 7550
402 8100 4250
646 10898 3556
650 11200 3650
621 11700 3900
379 9450 3500
641 10500 3450
648 11004 3557
276 7100 6600
622 11600 3800
617 12100 4150
273 7350 7650
275 7100 6750
557 11650 9000
381 9200 3500
483 9000 9250
559 11450 9150
647 10898 3450
556 11750 9000
493 8800 9200
618 12100 4050
368 9700 3300
285 7100 5500
287 7350 4900
651 11200 3450
382 8850 3500
644 10750 3300
494 8650 9250
794 13300 6350
619 12100 3900
288 7350 4750
484 9050 9450
792 13300 5950
274 7000 7350
555 12050 9000
492 8950 9450
366 9950 3150
570 10750 9600
731 12850 4650
558 11700 9250
643 10750 3200
286 7100 5100
385 9050 3300
560 11550 9350
620 12100 3800
653 10898 3206
272 7200 8000
367 9800 3100
277 6800 6000
652 11004 3206
383 8900 3300
793 13450 6350
514 10350 9750
386 9250 3150
554 12050 9150
791 13450 5950
642 10600 3050
569 10700 9750
654 10898 3099
284 6800 5500
485 9250 9750
281 6700 5800
365 10150 2950
388 9450 3000
568 10850 9800
495 8500 9500
384 8850 3150
730 12850 4250
751 13500 5550
278 6603 6057
561 11450 9650
280 6604 5950
553 12050 9350
491 8800 9700
790 13600 5850
289 7350 4150
387 9250 2950
282 6600 5700
299 6700 5300
497 8050 9350
401 8300 3300
496 8200 9450
798 13400 7850
362 9800 2800
279 6498 6057
563 11350 9800
290 7350 4050
655 11200 2950
490 8950 9850
566 10950 9950
788 13750 6350
562 11450 9800
750 13600 5350
363 10000 2750
364 10200 2750
298 6700 5050
733 13500 5050
787 13750 6700
283 6550 5500
389 9450 2800
659 10750 2800
395 8850 2950
789 13750 5950
749 13600 5250
393 9300 2800
658 10900 2800
400 8450 3100
486 9050 9950
752 13699 5554
300 6600 5200
291 7350 3900
567 10850 10050
657 11050 2800
271 6900 8350
399 8150 3200
394 9050 2800
801 13750 7300
297 6650 4900
656 11200 2800
550 11750 9800
551 11850 9750
735 13450 4650
552 12050 9650
292 7350 3800
565 11150 10050
753 13805 5554
227 7300 9000
564 11250 10050
748 13747 5256
754 13804 5447
549 11550 9950
270 6600 8000
515 10350 10250
746 13747 5150
361 9750 2550
734 13600 4750
296 6950 4150
487 9050 10150
516 10700 10250
518 11000 10200
786 14000 6550
799 13750 7800
756 14000 6050
517 10850 10250
226 7300 9150
747 13854 5256
991 6450 4950
513 9250 10250
488 8850 10150
269 6750 8500
301 6250 5500
390 9450 2500
396 8450 2800
736 13450 4250
392 9300 2500
520 10950 10300
802 13950 7450
825 12800 9350
548 11750 10050
268 6750 8600
295 6850 4050
489 8650 10150
755 14000 5450
293 6950 3900
397 8300 2800
800 13900 7750
519 11150 10300
745 13850 4900
228 7000 9000
267 6805 8749
738 13700 4550
785 14150 6400
225 7300 9350
360 9750 2350
757 14150 6000
302 6106 5606
521 10900 10400
547 11600 10200
808 13750 8250
305 6250 5000
744 13850 4750
120 6000 6600
358 10150 2300
229 6900 9000
546 11450 10300
391 9350 2350
266 6699 8750
121 6000 7000
804 14050 7650
523 10400 10550
359 10000 2250
357 10350 2250
743 14000 4950
294 6850 3800
824 12950 9450
303 5999 5607
260 6400 8350
660 10900 2300
803 14150 7450
398 8150 2700
522 10700 10550
265 6699 8856
304 5998 5500
784 14300 6500
758 14300 6100
661 11050 2300
742 14000 4800
512 9300 10550
542 11950 10200
805 14050 7900
543 11850 10250
807 13900 8250
230 6950 9250
737 13700 4150
662 11200 2300
727 12900 3200
261 6450 8600
262 6500 8700
352 9750 2150
729 13050 3300
224 7300 9650
257 5900 7350
306 6100 4800
258 5950 7650
545 11650 10450
544 11800 10400
259 6000 7850
354 10150 2050
264 6600 9000
822 13400 9250
353 9850 2050
231 6700 9150
351 9650 2050
115 5750 5850
739 14000 4400
356 10650 2050
113 5800 5500
500 8500 10500
114 5750 5700
117 5700 6150
806 14150 8150
540 11750 10500
823 13250 9500
116 5700 6000
741 14200 4750
232 6800 9350
355 10500 2000
111 5800 5350
263 6500 9000
821 13550 9200
340 8800 2150
524 10350 10850
783 14550 6550
759 14550 6050
499 8200 10450
248 6150 8500
308 6100 4400
246 6350 8850
525 10700 10850
223 7100 9750
541 11950 10500
1000 14550 5750
511 9350 10850
321 6450 3750
247 6150 8600
728 13200 3100
350 9600 1900
539 11700 10650
112 5650 5500
307 6000 4450
710 13600 3500
781 14650 6550
122 5550 6650
119 5550 6150
760 14650 6150
245 6250 8850
118 5550 6000
256 5650 7450
322 6450 3650
110 5650 5350
249 6000 8450
740 14200 4350
782 14650 7000
309 6100 4150
339 8800 2000
809 14050 8750
222 7000 9800
244 6250 8950
345 9350 1850
811 13750 9250
763 14650 5500
726 12900 2700
250 6000 8600
725 13050 2800
708 13900 3700
323 6450 3450
526 10800 11050
233 6700 9650
810 14050 8950
780 14800 6450
123 5400 6550
530 10350 11100
106 5400 6050
527 10900 11050
498 8050 10650
761 14800 6050
820 13700 9450
255 5550 7650
711 13650 3300
349 9700 1700
510 9350 11100
724 13200 2800
764 14750 5350
819 13550 9700
214 7200 10200
310 6000 3950
253 5650 8150
712 13600 3150
529 10700 11150
220 7000 10050
320 6254 3557
254 5550 7900
812 13800 9450
124 5300 6450
344 9150 1700
779 14900 6550
234 6700 9800
105 5300 6050
762 14900 6050
528 10950 11150
709 13950 3500
537 11400 11050
713 13800 3300
243 6150 9200
221 6800 9950
317 6100 3650
311 6000 3800
509 9050 11150
