140
150 148 85
178 132 81
151 124 85
152 124 93
177 124 77
156 124 101
179 140 65
149 164 81
176 124 69
153 124 109
180 132 61
139 172 85
138 172 93
181 124 61
155 124 117
148 172 77
137 172 101
157 104 89
147 172 69
136 172 109
158 104 81
119 104 97
182 124 53
140 180 85
266 180 93
154 124 125
159 104 73
120 104 105
141 180 77
267 180 101
146 172 61
135 172 117
160 104 65
121 104 113
142 180 69
268 180 109
183 124 45
265 188 93
145 172 53
134 172 125
130 140 137
143 180 61
269 180 117
175 104 57
122 104 121
131 148 137
129 132 137
132 156 137
144 180 53
270 180 125
133 164 137
199 172 45
161 104 49
123 104 129
184 124 37
21 140 145
20 148 145
264 196 101
128 132 145
19 156 145
127 124 145
200 180 45
162 104 41
124 104 137
198 172 37
18 164 145
126 116 145
185 124 29
17 172 145
201 180 37
193 156 25
174 88 49
263 204 109
163 104 33
125 104 145
202 188 41
197 172 29
203 196 49
186 132 21
187 124 21
204 204 57
196 180 29
16 188 145
164 104 25
30 104 153
194 172 21
205 212 65
29 116 161
262 212 117
173 80 41
195 180 21
271 196 145
107 72 49
190 136 9
26 140 169
191 148 9
22 148 169
27 132 169
165 104 17
31 104 161
189 128 9
206 220 73
25 156 169
28 124 169
188 120 9
192 162 9
23 164 169
106 72 41
117 56 89
272 204 145
115 56 81
118 56 97
114 56 73
24 172 169
61 56 105
261 220 125
253 228 85
254 228 93
111 56 65
60 56 113
171 80 25
172 80 25
32 104 169
208 228 77
257 228 101
207 228 69
258 228 109
105 64 41
110 56 57
43 56 121
273 212 145
15 196 161
34 80 157
33 90 165
212 228 61
259 228 117
116 48 83
14 188 169
62 48 99
166 92 9
